20000,runs/0318153210__10__alpha10__nodes10/models/train_kd3rl_0000020000.pt,-51.27414822400014,0.8,0.2
30000,runs/0318153210__10__alpha10__nodes10/models/train_kd3rl_0000030000.pt,-69.97613689836496,0.9,0.1
40000,runs/0318153210__10__alpha10__nodes10/models/train_kd3rl_0000040000.pt,-89.88589132417994,1.0,0.0
50000,runs/0318153210__10__alpha10__nodes10/models/train_kd3rl_0000050000.pt,-70.2870470047114,0.9,0.1
60000,runs/0318153210__10__alpha10__nodes10/models/train_kd3rl_0000060000.pt,-84.17684698616617,1.0,0.0
70000,runs/0318153210__10__alpha10__nodes10/models/train_kd3rl_0000070000.pt,-66.99268524977906,0.9,0.1
80000,runs/0318153210__10__alpha10__nodes10/models/train_kd3rl_0000080000.pt,-65.26619857653192,0.9,0.1
90000,runs/0318153210__10__alpha10__nodes10/models/train_kd3rl_0000090000.pt,-67.31459826679554,0.9,0.1
100000,runs/0318153210__10__alpha10__nodes10/models/train_kd3rl_0000100000.pt,-90.32939541854238,1.0,0.0
110000,runs/0318153210__10__alpha10__nodes10/models/train_kd3rl_0000110000.pt,-87.92847861706684,1.0,0.0
120000,runs/0318153210__10__alpha10__nodes10/models/train_kd3rl_0000120000.pt,-92.50282263364443,1.0,0.0
130000,runs/0318153210__10__alpha10__nodes10/models/train_kd3rl_0000130000.pt,-66.3269356582559,0.9,0.1
140000,runs/0318153210__10__alpha10__nodes10/models/train_kd3rl_0000140000.pt,-66.20924694664645,0.9,0.1
150000,runs/0318153210__10__alpha10__nodes10/models/train_kd3rl_0000150000.pt,-64.16694303853073,0.9,0.1
160000,runs/0318153210__10__alpha10__nodes10/models/train_kd3rl_0000160000.pt,-90.6948664090137,1.0,0.0
170000,runs/0318153210__10__alpha10__nodes10/models/train_kd3rl_0000170000.pt,-69.09918576929093,0.9,0.1
180000,runs/0318153210__10__alpha10__nodes10/models/train_kd3rl_0000180000.pt,-86.84526749897543,1.0,0.0
190000,runs/0318153210__10__alpha10__nodes10/models/train_kd3rl_0000190000.pt,-89.43337342674201,1.0,0.0
200000,runs/0318153210__10__alpha10__nodes10/models/train_kd3rl_0000200000.pt,-91.04880758314567,1.0,0.0
210000,runs/0318153210__10__alpha10__nodes10/models/train_kd3rl_0000210000.pt,-66.98426757574619,0.9,0.1
220000,runs/0318153210__10__alpha10__nodes10/models/train_kd3rl_0000220000.pt,-89.4665520770198,1.0,0.0
230000,runs/0318153210__10__alpha10__nodes10/models/train_kd3rl_0000230000.pt,-66.74104445014261,0.9,0.1
240000,runs/0318153210__10__alpha10__nodes10/models/train_kd3rl_0000240000.pt,-70.73041847042516,0.9,0.1
250000,runs/0318153210__10__alpha10__nodes10/models/train_kd3rl_0000250000.pt,-67.01287502067485,0.9,0.1
260000,runs/0318153210__10__alpha10__nodes10/models/train_kd3rl_0000260000.pt,-46.52520464639242,0.8,0.2
270000,runs/0318153210__10__alpha10__nodes10/models/train_kd3rl_0000270000.pt,18.12433746552269,0.5,0.5
280000,runs/0318153210__10__alpha10__nodes10/models/train_kd3rl_0000280000.pt,-0.7602678167860304,0.6,0.4
290000,runs/0318153210__10__alpha10__nodes10/models/train_kd3rl_0000290000.pt,-24.859706528802104,0.7,0.3
300000,runs/0318153210__10__alpha10__nodes10/models/train_kd3rl_0000300000.pt,-0.9858687864964253,0.6,0.4
310000,runs/0318153210__10__alpha10__nodes10/models/train_kd3rl_0000310000.pt,-26.114932409773086,0.7,0.3
320000,runs/0318153210__10__alpha10__nodes10/models/train_kd3rl_0000320000.pt,-2.605740142812749,0.6,0.4
330000,runs/0318153210__10__alpha10__nodes10/models/train_kd3rl_0000330000.pt,-44.7257059866199,0.8,0.2
340000,runs/0318153210__10__alpha10__nodes10/models/train_kd3rl_0000340000.pt,59.79391463509096,0.3,0.7
350000,runs/0318153210__10__alpha10__nodes10/models/train_kd3rl_0000350000.pt,39.30237171458185,0.4,0.6
360000,runs/0318153210__10__alpha10__nodes10/models/train_kd3rl_0000360000.pt,-1.6686032850270394,0.6,0.4
370000,runs/0318153210__10__alpha10__nodes10/models/train_kd3rl_0000370000.pt,-4.842948411402,0.6,0.4
380000,runs/0318153210__10__alpha10__nodes10/models/train_kd3rl_0000380000.pt,-3.3788426322629777,0.6,0.4
390000,runs/0318153210__10__alpha10__nodes10/models/train_kd3rl_0000390000.pt,17.130647512034955,0.5,0.5
400000,runs/0318153210__10__alpha10__nodes10/models/train_kd3rl_0000400000.pt,36.342051283663444,0.4,0.6
410000,runs/0318153210__10__alpha10__nodes10/models/train_kd3rl_0000410000.pt,14.924910839700582,0.5,0.5
420000,runs/0318153210__10__alpha10__nodes10/models/train_kd3rl_0000420000.pt,-5.889385354123823,0.6,0.4
430000,runs/0318153210__10__alpha10__nodes10/models/train_kd3rl_0000430000.pt,-5.746169054539694,0.6,0.4
440000,runs/0318153210__10__alpha10__nodes10/models/train_kd3rl_0000440000.pt,18.81579829376521,0.5,0.5
450000,runs/0318153210__10__alpha10__nodes10/models/train_kd3rl_0000450000.pt,19.171277938864257,0.5,0.5
460000,runs/0318153210__10__alpha10__nodes10/models/train_kd3rl_0000460000.pt,42.46120681242589,0.4,0.6
470000,runs/0318153210__10__alpha10__nodes10/models/train_kd3rl_0000470000.pt,41.4836051627805,0.4,0.6
480000,runs/0318153210__10__alpha10__nodes10/models/train_kd3rl_0000480000.pt,41.37283291150478,0.4,0.6
490000,runs/0318153210__10__alpha10__nodes10/models/train_kd3rl_0000490000.pt,-3.9696832866352736,0.6,0.4
500000,runs/0318153210__10__alpha10__nodes10/models/train_kd3rl_0000500000.pt,-3.005950241414767,0.6,0.4
510000,runs/0318153210__10__alpha10__nodes10/models/train_kd3rl_0000510000.pt,61.79010537738391,0.3,0.7
520000,runs/0318153210__10__alpha10__nodes10/models/train_kd3rl_0000520000.pt,-5.5274977978179844,0.6,0.4
530000,runs/0318153210__10__alpha10__nodes10/models/train_kd3rl_0000530000.pt,37.7498009334073,0.4,0.6
540000,runs/0318153210__10__alpha10__nodes10/models/train_kd3rl_0000540000.pt,43.81078068110831,0.4,0.6
550000,runs/0318153210__10__alpha10__nodes10/models/train_kd3rl_0000550000.pt,20.568066194875616,0.5,0.5
560000,runs/0318153210__10__alpha10__nodes10/models/train_kd3rl_0000560000.pt,41.53073595469566,0.4,0.6
570000,runs/0318153210__10__alpha10__nodes10/models/train_kd3rl_0000570000.pt,38.9970666050217,0.4,0.6
580000,runs/0318153210__10__alpha10__nodes10/models/train_kd3rl_0000580000.pt,-2.7349075053195335,0.6,0.4
590000,runs/0318153210__10__alpha10__nodes10/models/train_kd3rl_0000590000.pt,42.52082857467265,0.4,0.6
600000,runs/0318153210__10__alpha10__nodes10/models/train_kd3rl_0000600000.pt,37.61981788151325,0.4,0.6
610000,runs/0318153210__10__alpha10__nodes10/models/train_kd3rl_0000610000.pt,42.97338620157184,0.4,0.6
620000,runs/0318153210__10__alpha10__nodes10/models/train_kd3rl_0000620000.pt,-5.849804090137745,0.6,0.4
630000,runs/0318153210__10__alpha10__nodes10/models/train_kd3rl_0000630000.pt,38.71063279961625,0.4,0.6
640000,runs/0318153210__10__alpha10__nodes10/models/train_kd3rl_0000640000.pt,14.453992387149402,0.5,0.5
650000,runs/0318153210__10__alpha10__nodes10/models/train_kd3rl_0000650000.pt,42.70655842998997,0.4,0.6
660000,runs/0318153210__10__alpha10__nodes10/models/train_kd3rl_0000660000.pt,17.898922560032,0.5,0.5
670000,runs/0318153210__10__alpha10__nodes10/models/train_kd3rl_0000670000.pt,35.748318478009885,0.4,0.6
680000,runs/0318153210__10__alpha10__nodes10/models/train_kd3rl_0000680000.pt,37.07712127535064,0.4,0.6
690000,runs/0318153210__10__alpha10__nodes10/models/train_kd3rl_0000690000.pt,16.017979863462063,0.5,0.5
700000,runs/0318153210__10__alpha10__nodes10/models/train_kd3rl_0000700000.pt,18.68412332467375,0.5,0.5
710000,runs/0318153210__10__alpha10__nodes10/models/train_kd3rl_0000710000.pt,-5.7189459128657445,0.6,0.4
720000,runs/0318153210__10__alpha10__nodes10/models/train_kd3rl_0000720000.pt,57.91007532261356,0.3,0.7
730000,runs/0318153210__10__alpha10__nodes10/models/train_kd3rl_0000730000.pt,39.09395211789426,0.4,0.6
740000,runs/0318153210__10__alpha10__nodes10/models/train_kd3rl_0000740000.pt,-4.022649908964129,0.6,0.4
750000,runs/0318153210__10__alpha10__nodes10/models/train_kd3rl_0000750000.pt,19.50553310603977,0.5,0.5
760000,runs/0318153210__10__alpha10__nodes10/models/train_kd3rl_0000760000.pt,38.828308654139676,0.4,0.6
770000,runs/0318153210__10__alpha10__nodes10/models/train_kd3rl_0000770000.pt,20.69247335436493,0.5,0.5
780000,runs/0318153210__10__alpha10__nodes10/models/train_kd3rl_0000780000.pt,-26.747868344259928,0.7,0.3
790000,runs/0318153210__10__alpha10__nodes10/models/train_kd3rl_0000790000.pt,-5.907892599400374,0.6,0.4
800000,runs/0318153210__10__alpha10__nodes10/models/train_kd3rl_0000800000.pt,38.53451468155173,0.4,0.6
810000,runs/0318153210__10__alpha10__nodes10/models/train_kd3rl_0000810000.pt,59.8876998555588,0.3,0.7
820000,runs/0318153210__10__alpha10__nodes10/models/train_kd3rl_0000820000.pt,16.2845700738142,0.5,0.5
830000,runs/0318153210__10__alpha10__nodes10/models/train_kd3rl_0000830000.pt,14.201909731170218,0.5,0.5
840000,runs/0318153210__10__alpha10__nodes10/models/train_kd3rl_0000840000.pt,16.96299896045292,0.5,0.5
850000,runs/0318153210__10__alpha10__nodes10/models/train_kd3rl_0000850000.pt,38.81324023676966,0.4,0.6
860000,runs/0318153210__10__alpha10__nodes10/models/train_kd3rl_0000860000.pt,37.992687790343886,0.4,0.6
870000,runs/0318153210__10__alpha10__nodes10/models/train_kd3rl_0000870000.pt,36.995744099886885,0.4,0.6
880000,runs/0318153210__10__alpha10__nodes10/models/train_kd3rl_0000880000.pt,39.09915087681604,0.4,0.6
890000,runs/0318153210__10__alpha10__nodes10/models/train_kd3rl_0000890000.pt,61.11162056355242,0.3,0.7
900000,runs/0318153210__10__alpha10__nodes10/models/train_kd3rl_0000900000.pt,36.392456262552784,0.4,0.6
910000,runs/0318153210__10__alpha10__nodes10/models/train_kd3rl_0000910000.pt,-6.77179140436993,0.6,0.4
920000,runs/0318153210__10__alpha10__nodes10/models/train_kd3rl_0000920000.pt,39.27291190671576,0.4,0.6
930000,runs/0318153210__10__alpha10__nodes10/models/train_kd3rl_0000930000.pt,61.84604676683084,0.3,0.7
940000,runs/0318153210__10__alpha10__nodes10/models/train_kd3rl_0000940000.pt,15.67848574698657,0.5,0.5
950000,runs/0318153210__10__alpha10__nodes10/models/train_kd3rl_0000950000.pt,-4.567138522621946,0.6,0.4
960000,runs/0318153210__10__alpha10__nodes10/models/train_kd3rl_0000960000.pt,41.10541302391081,0.4,0.6
970000,runs/0318153210__10__alpha10__nodes10/models/train_kd3rl_0000970000.pt,37.09089944898731,0.4,0.6
980000,runs/0318153210__10__alpha10__nodes10/models/train_kd3rl_0000980000.pt,39.70835925761879,0.4,0.6
990000,runs/0318153210__10__alpha10__nodes10/models/train_kd3rl_0000990000.pt,-1.8766279836202429,0.6,0.4
1000000,runs/0318153210__10__alpha10__nodes10/models/train_kd3rl_0001000000.pt,15.70206164424069,0.5,0.5
