20000,runs/0317093201__10__alpha10__nodes10/models/train_kd3rl_0000020000.pt,-66.83657778775662,0.9,0.1
30000,runs/0317093201__10__alpha10__nodes10/models/train_kd3rl_0000030000.pt,-86.39177331319631,1.0,0.0
40000,runs/0317093201__10__alpha10__nodes10/models/train_kd3rl_0000040000.pt,-69.96236168328964,0.9,0.1
50000,runs/0317093201__10__alpha10__nodes10/models/train_kd3rl_0000050000.pt,-91.01727262421885,1.0,0.0
60000,runs/0317093201__10__alpha10__nodes10/models/train_kd3rl_0000060000.pt,-85.9049705697854,1.0,0.0
70000,runs/0317093201__10__alpha10__nodes10/models/train_kd3rl_0000070000.pt,-88.32333301135763,1.0,0.0
80000,runs/0317093201__10__alpha10__nodes10/models/train_kd3rl_0000080000.pt,-84.19383241773747,1.0,0.0
90000,runs/0317093201__10__alpha10__nodes10/models/train_kd3rl_0000090000.pt,-86.97481301017442,1.0,0.0
100000,runs/0317093201__10__alpha10__nodes10/models/train_kd3rl_0000100000.pt,-47.61194855975785,0.8,0.2
110000,runs/0317093201__10__alpha10__nodes10/models/train_kd3rl_0000110000.pt,-69.16940209918431,0.9,0.1
120000,runs/0317093201__10__alpha10__nodes10/models/train_kd3rl_0000120000.pt,-86.80550293931472,1.0,0.0
130000,runs/0317093201__10__alpha10__nodes10/models/train_kd3rl_0000130000.pt,-63.13116818139944,0.9,0.1
140000,runs/0317093201__10__alpha10__nodes10/models/train_kd3rl_0000140000.pt,-85.39783621394255,1.0,0.0
150000,runs/0317093201__10__alpha10__nodes10/models/train_kd3rl_0000150000.pt,-89.40605265849089,1.0,0.0
160000,runs/0317093201__10__alpha10__nodes10/models/train_kd3rl_0000160000.pt,-88.13945058701759,1.0,0.0
170000,runs/0317093201__10__alpha10__nodes10/models/train_kd3rl_0000170000.pt,-44.687736570799316,0.8,0.2
180000,runs/0317093201__10__alpha10__nodes10/models/train_kd3rl_0000180000.pt,-68.98271133723556,0.9,0.1
190000,runs/0317093201__10__alpha10__nodes10/models/train_kd3rl_0000190000.pt,-88.26881116668062,1.0,0.0
200000,runs/0317093201__10__alpha10__nodes10/models/train_kd3rl_0000200000.pt,-66.65204857728004,0.9,0.1
210000,runs/0317093201__10__alpha10__nodes10/models/train_kd3rl_0000210000.pt,-85.8882526415629,1.0,0.0
220000,runs/0317093201__10__alpha10__nodes10/models/train_kd3rl_0000220000.pt,-67.33535675065778,0.9,0.1
230000,runs/0317093201__10__alpha10__nodes10/models/train_kd3rl_0000230000.pt,-65.42189906367415,0.9,0.1
240000,runs/0317093201__10__alpha10__nodes10/models/train_kd3rl_0000240000.pt,-85.57784667127265,1.0,0.0
250000,runs/0317093201__10__alpha10__nodes10/models/train_kd3rl_0000250000.pt,-67.91564052694007,0.9,0.1
260000,runs/0317093201__10__alpha10__nodes10/models/train_kd3rl_0000260000.pt,-42.95740481386916,0.8,0.2
270000,runs/0317093201__10__alpha10__nodes10/models/train_kd3rl_0000270000.pt,-22.45787300612737,0.7,0.3
280000,runs/0317093201__10__alpha10__nodes10/models/train_kd3rl_0000280000.pt,-5.614401168801737,0.6,0.4
290000,runs/0317093201__10__alpha10__nodes10/models/train_kd3rl_0000290000.pt,-22.206639945225522,0.7,0.3
300000,runs/0317093201__10__alpha10__nodes10/models/train_kd3rl_0000300000.pt,-1.0230563029881978,0.6,0.4
310000,runs/0317093201__10__alpha10__nodes10/models/train_kd3rl_0000310000.pt,-6.321537639325824,0.6,0.4
320000,runs/0317093201__10__alpha10__nodes10/models/train_kd3rl_0000320000.pt,-0.9068616981106004,0.6,0.4
330000,runs/0317093201__10__alpha10__nodes10/models/train_kd3rl_0000330000.pt,-2.3538847986166163,0.6,0.4
340000,runs/0317093201__10__alpha10__nodes10/models/train_kd3rl_0000340000.pt,26.609125828108326,0.5,0.5
350000,runs/0317093201__10__alpha10__nodes10/models/train_kd3rl_0000350000.pt,-23.029882631605147,0.7,0.3
360000,runs/0317093201__10__alpha10__nodes10/models/train_kd3rl_0000360000.pt,43.56219269707775,0.4,0.6
370000,runs/0317093201__10__alpha10__nodes10/models/train_kd3rl_0000370000.pt,22.52607901928766,0.5,0.5
380000,runs/0317093201__10__alpha10__nodes10/models/train_kd3rl_0000380000.pt,18.411978765073705,0.5,0.5
390000,runs/0317093201__10__alpha10__nodes10/models/train_kd3rl_0000390000.pt,23.938960869163346,0.5,0.5
400000,runs/0317093201__10__alpha10__nodes10/models/train_kd3rl_0000400000.pt,38.41765200596831,0.4,0.6
410000,runs/0317093201__10__alpha10__nodes10/models/train_kd3rl_0000410000.pt,45.938375894419075,0.4,0.6
420000,runs/0317093201__10__alpha10__nodes10/models/train_kd3rl_0000420000.pt,0.2324439534242586,0.6,0.4
430000,runs/0317093201__10__alpha10__nodes10/models/train_kd3rl_0000430000.pt,-23.90842713730824,0.7,0.3
440000,runs/0317093201__10__alpha10__nodes10/models/train_kd3rl_0000440000.pt,-21.741421161331886,0.7,0.3
450000,runs/0317093201__10__alpha10__nodes10/models/train_kd3rl_0000450000.pt,45.73993146127445,0.4,0.6
460000,runs/0317093201__10__alpha10__nodes10/models/train_kd3rl_0000460000.pt,62.69384186726196,0.3,0.7
470000,runs/0317093201__10__alpha10__nodes10/models/train_kd3rl_0000470000.pt,1.5668286538279204,0.6,0.4
480000,runs/0317093201__10__alpha10__nodes10/models/train_kd3rl_0000480000.pt,24.22437019073281,0.5,0.5
490000,runs/0317093201__10__alpha10__nodes10/models/train_kd3rl_0000490000.pt,21.376246871307565,0.5,0.5
500000,runs/0317093201__10__alpha10__nodes10/models/train_kd3rl_0000500000.pt,22.13041334408905,0.5,0.5
510000,runs/0317093201__10__alpha10__nodes10/models/train_kd3rl_0000510000.pt,21.884140022660734,0.5,0.5
520000,runs/0317093201__10__alpha10__nodes10/models/train_kd3rl_0000520000.pt,22.737416730190212,0.5,0.5
530000,runs/0317093201__10__alpha10__nodes10/models/train_kd3rl_0000530000.pt,22.982360425057387,0.5,0.5
540000,runs/0317093201__10__alpha10__nodes10/models/train_kd3rl_0000540000.pt,1.2576575631527676,0.6,0.4
550000,runs/0317093201__10__alpha10__nodes10/models/train_kd3rl_0000550000.pt,46.00443608461284,0.4,0.6
560000,runs/0317093201__10__alpha10__nodes10/models/train_kd3rl_0000560000.pt,-2.7089581434845287,0.6,0.4
570000,runs/0317093201__10__alpha10__nodes10/models/train_kd3rl_0000570000.pt,5.503887541503562,0.6,0.4
580000,runs/0317093201__10__alpha10__nodes10/models/train_kd3rl_0000580000.pt,46.350474351902484,0.4,0.6
590000,runs/0317093201__10__alpha10__nodes10/models/train_kd3rl_0000590000.pt,65.04056582664882,0.3,0.7
600000,runs/0317093201__10__alpha10__nodes10/models/train_kd3rl_0000600000.pt,27.49883342724467,0.5,0.5
610000,runs/0317093201__10__alpha10__nodes10/models/train_kd3rl_0000610000.pt,24.746295993463217,0.5,0.5
620000,runs/0317093201__10__alpha10__nodes10/models/train_kd3rl_0000620000.pt,69.47400415869637,0.3,0.7
630000,runs/0317093201__10__alpha10__nodes10/models/train_kd3rl_0000630000.pt,-21.61446057959617,0.7,0.3
640000,runs/0317093201__10__alpha10__nodes10/models/train_kd3rl_0000640000.pt,68.51280669587356,0.3,0.7
650000,runs/0317093201__10__alpha10__nodes10/models/train_kd3rl_0000650000.pt,23.472970515469836,0.5,0.5
660000,runs/0317093201__10__alpha10__nodes10/models/train_kd3rl_0000660000.pt,-3.4666548074073944,0.6,0.4
670000,runs/0317093201__10__alpha10__nodes10/models/train_kd3rl_0000670000.pt,24.783475562619707,0.5,0.5
680000,runs/0317093201__10__alpha10__nodes10/models/train_kd3rl_0000680000.pt,69.76107452150468,0.3,0.7
690000,runs/0317093201__10__alpha10__nodes10/models/train_kd3rl_0000690000.pt,22.06512463283986,0.5,0.5
